0.2710 
0.9851 
0.1677   
0.0067 
0.9646 
0.5103 
0.8846 
0.6901 
0.4569   
0.3568   
0.9835 
0.4586 
0.4072 
0.7953 
0.2643 
0.7292   
0.8942 
0.9252 
0.8516 
0.9766 
0.5421 
0.6740 
0.9618 
0.3001 
0.8500 
0.5848 
0.9607 
0.2366 
0.4200 
0.8885   
1.0000   
0.0018 
0.9734 
0.9216 
0.9330 
0.1887 
1.0000   
0.8335 
0.1334 
0.1774 
0.7517 
0.0211 
0.3991 
0.2022   
0.1400 
0.1323 
1.0000   
0.2576 
0.3000 
0.0049 
0.4652   
0.5592 
0.1145 
0.9084 
1.0000   
0.5687   
0.1981   
1.0000   
1.0000   
0.7126   
0.4850   
